2049
564
314
416
3146
432
184
997
269
124
3460
343
208
1409
609
90
3410
842
111
583
2698
200
694
2176
1265
338
1042
140
328
1077
2384
1987
767
482
4980
1430
815
763
755
1426
2918
439
1017
2075
892
153
1088
28
2784
914
107
202
281
648
419
1587
429
779
645
67
649
45
1207
678
435
1302
910
413
1384
766
464
1430
430
2042
1048
116
6
162
1319
209
265
2053
1889
890
3349
580
1505
311
227
350
249
682
2171
1194
492
1119
1180
19
180
2504
564
2052
179
755
368
1017
75
307
572
330
955
3692
259
143
342
754
399
127
179
924
112
820
883
345
52
273
78
23
163
474
1094
1493
912
1227
1200
614
974
181
287
1024
523
1469
50
538
2325
26
19
869
1358
223
857
2753
907
1144
79
264
1075
2509
272
713
489
217
2521
126
1995
372
517
597
1184
1969
1733
1086
1923
408
1519
2016
1759
766
3704
672
297
1215
1847
738
385
1235
572
1396
601
919
619
121
971
908
247
334
147
213
255
984
524
513
318
1569
752
4220
1258
1080
812
440
2801
1686
1260
53
725
1788
72
763
200
98
811
341
755
45
1044
1854
4046
1401
75
140
1136
994
474
42
1113
453
1181
4586
93
2476
1641
109
2280
663
364
2222
146
1591
153
10
690
406
27
2718
957
3482
380
1929
1332
770
509
260
530
222
387
3629
392
1150
851
453
4306
42
409
110
504
1282
1281
148
2684
262
1612
392
221
1465
783
1506
396
389
749
109
1260
1247
1423
177
141
236
560
1017
1341
150
2481
26
1946
214
32
1095
313
437
1134
603
950
1120
244
1323
537
571
17
4124
513
1680
137
1163
67
1776
3294
421
1078
739
524
301
1036
2061
1832
427
273
833
3390
1774
2984
2182
9
145
912
1090
95
1285
671
328
219
144
1082
154
2916
162
902
357
300
6
1244
136
847
1734
967
374
2131
72
190
408
846
2059
202
844
578
650
136
2855
513
369
263
1363
348
1344
1096
104
173
1198
424
463
36
548
24
20
310
1298
1272
377
540
565
374
1213
325
1138
1752
1557
126
182
2543
656
436
411
1610
874
202
485
206
1426
361
254
987
682
428
117
287
327
145
1054
153
42
219
763
519
3326
507
877
420
290
2134
441
2661
258
1827
1557
1826
709
745
1331
984
81
364
701
959
752
3360
1494
66
1253
868
198
152
349
414
694
1037
300
2027
2562
73
2201
709
289
245
526
1832
2361
970
337
362
237
107
1619
1571
94
1510
164
373
229
775
254
812
341
756
1744
455
1502
2096
244
3303
686
561
2209
298
1593
451
2173
1362
431
570
168
227
1269
904
68
409
1300
345
505
277
208
563
2007
314
123
2592
153
1352
900
769
4318
3174
385
3995
5255
905
419
1317
868
649
1108
742
990
808
17
199
970
1221
1701
324
1718
1582
226
157
460
223
559
817
332
647
770
846
92
62
46
80
575
1625
2258
549
2117
910
799
1775
3052
684
479
618
38
141
1662
2764
116
573
266
511
47
1023
1703
747
22
375
903
856
572
1030
42
250
2876
803
1185
2488
182
1838
98
468
4413
575
363
796
8
1825
745
1521
598
931
445
634
880
3798
335
632
182
2631
359
171
857
689
3492
157
852
255
697
663
951
321
1624
1232
322
152
887
1024
1154
462
914
1509
467
109
293
946
115
1327
576
1465
671
611
622
2673
918
80
201
273
1860
54
1947
2030
2367
3574
1137
1878
285
585
1357
136
1290
2307
710
449
419
527
547
246
1321
391
1803
1609
1014
2527
662
550
776
2549
626
53
286
74
1765
1007
108
1042
327
2988
384
753
1213
260
206
352
785
2618
547
1214
1037
1660
802
251
2088
500
1262
717
331
3559
352
101
289
4124
561
1117
101
977
270
243
416
529
833
3221
2284
393
230
60
693
312
915
2213
4040
1168
375
338
64
2110
1742
1977
750
569
269
705
113
248
597
2948
229
2521
178
187
2503
1404
416
1931
1981
712
119
623
1920
747
691
1462
202
20
398
3584
274
1681
377
371
321
257
152
631
2600
629
1036
243
2604
247
100
1551
2636
158
322
867
1345
166
1235
3923
734
171
1177
1535
1651
652
973
280
831
99
1647
402
698
2786
2796
190
15
1756
1859
352
766
955
326
279
1498
1280
97
31
433
508
470
1070
888
1118
607
962
1241
886
255
221
1481
534
118
1194
327
293
389
790
313
1101
464
439
107
24
943
2731
996
1407
59
36
3213
1275
72
1080
3538
2125
893
507
2201
527
331
1064
732
693
2259
2010
3159
720
557
210
1363
1654
20
183
1221
442
116
2017
32
2724
2628
1644
1799
686
563
60
1136
1020
2978
105
643
938
1595
2666
1644
768
376
43
605
1114
56
1408
797
133
1132
588
284
280
276
598
375
422
116
1106
91
629
165
387
1959
294
603
70
396
331
228
647
2534
56
2139
1148
1801
2077
401
1780
622
1774
1367
623
1043
1986
918
462
117
445
108
349
540
809
705
1873
2608
636
1628
1261
415
2225
279
121
2684
2814
342
246
663
1526
1644
74
1112
74
60
389
2641
582
285
1554
468
366
2784
1684
1132
740
373
77
1191
752
863
1683
31
2877
517
1947
128
1188
1440
74
107
654
952
27
2056
113
1945
1427
542
1121
600
145
3476
201
831
8
1005
156
3233
2590
1330
1007
755
178
15
310
376
1246
38
1259
292
12
2395
511
485
777
166
1948
145
139
1882
764
294
379
106
154
140
3545
1931
675
320
401
1260
1062
94
301
1042
264
645
99
2304
78
1167
731
800
639
1650
87
550
316
858
166
497
408
4633
1029
1960
376
2426
536
2504
365
19
2572
752
558
2624
1493
1323
1908
905
877
1202
285
898
115
402
317
573
314
1263
84
941
974
1589
1306
2202
1455
1044
544
455
1315
1761
796
1081
1275
744
476
231
121
839
1847
1745
886
1572
1582
1031
809
763
49
485
963
1247
383
2395
49
918
1355
110
1068
1277
58
1920
345
61
761
160
843
166
1304
2697
1402
1974
720
1123
2657
1167
1111
721
245
1176
931
1717
94
1237
41
740
563
147
367
3121
853
72
3972
510
106
279
383
1051
238
709
147
1400
3824
1002
349
1623
301
313
144
105
585
1964
243
2471
268
1200
521
554
620
397
615
1423
1964
237
619
3055
178
1949
1108
506
815
476
1839
89
136
822
930
1368
346
869
634
634
2110
126
267
666
2957
595
172
3107
729
1125
92
33
871
715
435
499
718
1335
1412
273
1086
861
77
602
4016
1069
3610
1017
769
286
1468
104
213
181
150
263
1304
502
1674
726
896
1073
714
3528
873
454
84
542
856
295
774
1668
760
236
1024
191
398
369
36
189
1996
3470
2063
94
170
1534
1846
48
293
163
1596
4179
1588
1811
120
532
299
916
443
199
2792
2447
2021
1482
3610
421
2042
560
1752
2755
53
706
263
417
1012
569
946
1917
731
184
80
68
745
700
112
1488
229
1152
354
82
1359
927
697
758
220
2397
684
2319
62
182
124
327
357
1184
429
927
872
3211
339
1728
898
2477
807
90
1488
185
311
874
238
219
7
1472
200
828
84
575
834
823
1496
2897
10
922
250
3200
67
888
510
1363
2924
198
294
297
229
3655
1919
188
2690
3114
657
452
391
3175
2153
243
181
1099
1836
393
125
1321
1072
2163
1058
979
333
46
3308
1869
800
1664
1361
103
155
35
561
126
1821
97
1188
131
142
745
1626
175
2947
1307
213
30
1756
838
2167
3023
1733
15
996
537
2396
1360
2057
58
254
2244
291
872
770
417
1913
1118
556
731
24
1096
2337
3355
227
28
123
372
613
2487
1232
961
3144
284
1098
253
1985
1038
79
195
3594
2699
573
558
1630
973
661
336
255
406
14
556
36
1305
1444
205
715
1535
127
106
322
1563
2039
442
645
692
1120
47
812
3145
103
1522
393
176
213
871
1856
1097
772
2307
213
1069
1193
1687
1076
371
1561
437
2948
279
1482
226
865
1367
401
407
308
310
202
160
1141
1115
857
968
272
767
329
2094
119
385
1168
193
231
1937
406
2136
30
320
1943
1844
335
92
564
148
48
2389
579
691
659
372
565
266
2148
860
1184
643
384
83
1597
142
43
20
423
2341
298
1188
5665
1952
453
441
1268
1174
2131
374
1484
519
880
623
796
54
1080
1044
703
193
76
2692
27
862
1548
639
25
204
55
89
420
360
266
736
207
1225
961
417
1719
874
191
857
897
1249
1516
837
449
381
124
33
505
529
187
4515
61
279
138
1071
427
353
667
762
132
1598
747
150
834
174
342
211
142
202
164
1004
87
1181
363
2070
1697
557
399
197
317
965
677
2386
1017
901
14
1302
835
575
731
90
1170
280
483
939
860
707
530
32
1171
1428
288
1477
306
60
3743
229
1058
1999
279
361
569
3836
1999
476
911
527
621
613
858
2341
30
1049
3761
2303
421
2577
684
69
71
999
82
986
843
729
1408
1375
374
3284
433
421
253
291
981
514
1418
986
1356
781
1489
176
1406
1008
553
4712
271
398
4343
564
161
874
153
140
103
1012
1103
253
22
18
1111
634
2160
23
4024
296
284
150
332
776
151
1027
1156
3957
676
1190
762
1364
575
136
5011
1706
32
698
771
552
139
2290
523
31
1376
1017
477
1085
897
1067
498
198
195
293
1605
338
731
727
607
249
6
1073
526
268
544
2013
675
1240
491
1751
888
83
985
352
1026
658
375
191
759
1416
911
781
921
126
96
2005
248
302
572
187
103
986
613
2287
194
241
182
681
98
122
751
778
1413
2202
653
2196
2499
45
707
1611
505
1116
823
353
14
2562
10
102
3920
390
2550
2352
870
257
1537
759
1376
575
1788
1889
301
1195
8
3527
199
1884
511
1549
929
507
1540
1057
433
414
769
2548
607
1003
887
2100
1962
2213
145
645
1097
1031
1901
2327
361
661
1160
653
1723
510
25
519
101
516
650
64
423
431
335
3424
48
186
1470
85
78
202
4309
1275
1390
1205
567
1652
1011
708
22
319
103
275
144
199
1008
2233
178
74
1010
782
1400
783
357
140
61
1377
1838
1958
1343
1897
1080
1969
1506
178
843
1420
159
1048
554
154
940
1039
1318
1174
4032
907
240
979
1848
895
1121
678
149
1634
505
669
635
2101
59
1609
3403
592
129
1643
224
885
4430
158
81
321
1635
1218
209
116
1240
746
158
127
225
1571
1173
1479
3208
1455
482
817
26
1440
84
904
302
378
83
14
542
1523
103
1242
53
35
252
25
99
1436
784
246
213
787
463
859
2590
5800
1442
503
1952
2764
483
343
1863
562
613
927
628
1871
26
247
137
198
1347
203
1101
1448
123
2060
2910
183
421
3371
252
1052
736
105
749
1511
183
591
1803
2707
1312
184
1686
4606
654
337
649
453
481
1802
1517
2973
1404
152
685
157
2310
251
151
110
490
667
488
371
655
2786
199
666
2067
82
112
2549
13
1753
649
2238
712
295
724
337
445
802
563
1044
93
415
1376
1090
841
33
585
495
455
2152
1454
1853
3215
662
84
1501
93
522
124
373
590
2563
4650
2126
405
1496
1394
6497
1319
182
1294
476
854
808
437
140
299
568
499
183
849
1322
301
315
1077
3556
488
1184
932
71
5377
370
512
389
3883
1549
386
754
479
365
1199
1978
204
350
24
135
2153
218
526
1876
254
1013
23
1354
619
89
356
533
1850
994
899
419
1301
887
1455
880
617
171
531
1108
60
792
508
276
807
249
740
1598
312
686
1951
1361
149
456
1319
755
824
1415
465
327
594
373
143
1981
390
1209
294
1003
47
853
362
637
718
2243
1176
31
1376
176
162
4314
673
853
349
125
376
587
1434
354
3410
969
527
903
2064
1135
824
3585
636
515
533
59
1262
1910
49
1308
40
2255
1919
1070
791
58
235
2208
1358
454
1043
1364
67
1202
417
1784
972
1243
328
1087
213
986
223
125
411
514
52
122
379
659
59
240
1076
212
38
800
1080
310
1275
1611
284
1175
1383
555
761
1503
519
314
745
2370
45
1757
197
1074
1670
344
1882
789
254
1425
1182
2865
1280
1371
381
279
4504
402
2531
88
137
280
2148
1282
190
1153
1309
144
251
829
190
980
749
4374
1352
902
41
120
307
815
1027
116
249
40
1329
390
1457
280
1143
528
259
8
208
173
129
968
259
991
179
500
1522
567
377
160
799
217
575
1184
1002
215
1641
233
1951
2116
593
60
1941
1164
6
523
1049
640
1189
50
827
790
115
3683
31
2875
1381
790
1051
920
291
156
2317
3900
122
938
36
1545
1945
400
493
326
956
218
423
4771
2259
405
890
265
1693
162
1930
17
571
3772
210
21
836
111
544
97
1300
3573
562
2668
925
631
30
63
1040
1118
1764
104
233
134
830
130
659
442
488
791
85
759
1441
827
1805
2824
886
1358
495
715
274
121
1629
1226
1370
233
287
220
502
417
1877
803
820
330
236
506
499
2392
235
119
470
3252
334
217
1468
373
402
513
2017
744
349
109
1267
59
803
700
330
126
1499
2206
1836
881
2001
1500
130
934
242
224
2193
1135
1159
99
1312
498
635
2159
805
1488
2485
869
372
1778
17
120
39
1368
209
1340
360
53
815
24
1114
814
395
504
775
447
601
1090
1264
1414
1013
78
1530
115
1711
1919
326
475
1525
975
583
96
4939
2490
537
2076
386
546
444
963
680
224
809
81
180
48
298
528
297
1795
1574
500
281
1445
264
722
322
19
1092
510
150
2503
362
981
645
955
748
3375
435
380
1833
173
2539
735
2269
2073
490
576
756
287
1108
292
394
1088
1533
1146
140
692
944
577
62
1032
216
238
1209
588
1216
740
85
1658
76
3142
1913
345
1026
2189
1905
5778
95
408
614
1388
33
251
2275
345
100
292
357
67
563
1023
48
946
646
396
44
3241
117
387
184
2898
56
2417
2338
20
450
165
1019
21
1213
358
1288
1723
864
1845
323
577
265
322
424
564
453
100
345
261
80
525
601
158
5288
923
633
1916
168
446
315
1049
3284
621
18
674
976
842
2930
561
1493
95
936
10
123
908
221
97
4152
1016
73
1623
1771
662
423
8
1219
1058
1528
84
516
452
250
2187
47
409
91
222
1557
390
279
293
798
189
1048
1722
1682
173
2211
3314
1499
757
253
2499
141
914
637
2350
1297
2272
1517
1679
101
2163
669
3236
230
4597
437
730
1527
1943
1377
1124
260
2133
1444
879
870
213
425
1786
348
224
70
680
57
1426
877
901
238
236
1033
213
2584
800
2654
447
2617
1067
1038
3612
3675
304
363
552
1264
98
3932
1669
3052
1212
270
263
261
119
1081
331
679
1300
429
157
589
69
655
94
560
1590
216
509
2901
579
3625
594
301
1565
2074
3869
182
168
487
180
863
1392
48
1324
539
114
141
321
172
88
1699
1929
7
1419
2276
2174
2177
1262
157
339
64
460
545
174
635
632
316
699
1476
272
1584
584
40
670
98
624
807
352
576
841
174
207
924
2292
1997
510
248
2012
1455
1050
262
1389
146
1410
259
1701
87
161
1741
412
622
784
96
1233
629
350
805
180
1487
984
1251
171
247
510
940
1611
141
479
921
3149
2335
259
1709
131
242
208
652
94
227
1313
209
2373
597
123
375
1524
130
210
221
143
3629
841
1717
1228
659
168
1420
697
382
1115
2824
469
3710
428
623
296
265
1529
35
1535
211
353
19
1804
323
766
388
563
28
802
317
150
3253
942
613
909
7136
193
704
130
1426
2538
1208
1259
2035
17
468
472
189
286
992
367
319
48
76
999
192
870
2557
907
155
466
2507
1584
112
2415
5777
2013
51
1322
602
516
864
1778
480
563
777
595
1132
826
7
1934
899
444
226
510
785
441
404
1476
4805
183
728
60
49
128
74
1153
346
746
149
46
1352
12
11
587
104
306
222
1368
2061
160
701
108
1427
123
161
1406
210
1000
1696
1678
938
152
1457
139
264
770
1798
336
651
1709
50
1081
18
346
1365
334
1472
66
855
484
28
143
2559
2051
140
1166
999
418
1132
1336
20
770
1013
309
59
1504
1194
12
509
2294
1128
404
2412
3211
2566
282
965
147
2448
2192
36
1434
1712
165
835
1212
715
111
538
348
160
489
2109
107
503
1554
464
332
2049
1301
401
183
859
201
721
785
235
10
209
64
709
83
529
687
854
539
116
148
3307
1557
660
2214
991
1338
166
835
1460
1987
299
453
1390
1522
314
2268
207
846
454
3325
714
134
994
85
616
1867
453
1137
50
3830
456
1476
292
2628
265
436
1058
263
1525
3902
629
26
50
220
1786
2511
44
1865
1582
1767
693
1350
139
538
1117
5315
747
437
445
104
2302
171
39
2051
1102
2201
34
1251
140
1075
149
79
1698
296
513
2818
2152
622
82
1965
300
1565
1455
190
895
1571
2652
108
276
811
1047
407
26
189
1677
1352
1320
34
1341
1934
282
161
398
2849
117
47
89
181
771
1193
1091
761
770
2314
349
1236
637
435
389
1928
221
1466
1795
1636
585
1048
657
207
140
628
359
721
78
351
316
387
1716
226
428
807
779
422
2728
628
525
1778
144
192
1454
147
1011
700
134
11
665
267
162
1129
1739
3023
95
1395
852
2636
657
994
288
519
2091
745
1072
145
1596
270
18
232
213
559
861
1131
623
951
210
669
350
2169
88
1184
925
1749
1421
182
3749
2073
677
83
3348
2261
774
923
7451
2024
5083
675
211
578
337
22
126
1261
46
841
1490
404
988
959
97
1420
84
854
568
145
608
1097
2306
1226
967
892
1075
483
1095
469
418
1784
1650
3270
799
899
660
330
1096
28
267
222
1537
781
274
616
793
689
657
1545
786
492
1214
1076
1110
490
1301
695
583
1076
52
396
1106
425
675
622
1077
827
108
992
1449
798
3266
1074
2812
765
243
2057
1061
230
423
90
682
72
458
550
576
504
2542
425
79
852
733
202
963
434
1391
451
1319
1046
336
3147
84
2175
418
1611
1662
931
152
32
2134
289
494
2035
756
224
521
180
909
1315
334
730
258
2472
1727
98
328
334
133
1740
297
1468
1335
135
155
360
1784
2062
380
2298
330
176
330
85
3049
1515
2486
440
792
673
601
361
1090
818
998
1344
366
153
416
200
482
68
423
182
261
339
81
270
1966
926
853
427
1410
5173
356
1785
123
95
2733
1137
1643
662
49
2015
1021
2261
32
100
349
691
627
969
3692
990
454
1417
2018
316
1419
242
1122
268
95
1474
953
630
2325
495
1181
1241
28
640
1018
532
1077
647
1072
2545
137
766
25
112
790
123
129
1649
1803
1403
39
363
4337
1542
1105
1176
589
1456
440
48
1482
960
1169
513
1441
30
506
816
598
324
1626
2351
982
2327
756
1396
2198
95
251
3924
556
906
731
692
52
1326
186
393
640
1412
2266
769
2415
429
124
7
766
450
182
161
59
358
1797
1587
72
412
53
315
1900
2330
416
1679
870
1257
472
15
669
263
8
314
1327
178
751
636
83
137
752
438
950
125
675
717
2535
1712
1040
2865
390
551
4084
674
3554
283
638
1468
1876
1903
279
166
146
45
52
1788
1443
359
1032
2989
71
389
190
402
304
59
536
935
61
1911
278
140
73
312
417
1093
813
958
323
623
230
783
126
16
15
962
651
1095
378
297
322
493
117
213
211
492
7550
844
674
602
120
501
1519
257
503
1735
1172
51
747
873
604
447
204
440
142
2148
5670
215
2752
1884
567
1123
364
1220
65
69
349
2439
2249
781
897
98
949
1755
218
1776
437
706
346
2807
77
524
287
607
4125
796
1969
132
621
857
3391
1076
120
199
2160
1179
2652
2115
1163
3091
5726
642
17
1131
219
84
786
373
1405
127
920
2058
467
1643
3441
3296
497
183
819
1134
568
1268
1771
1391
2356
738
1007
44
1138
1629
457
1280
82
1063
245
2466
161
582
129
858
1926
144
935
3067
1046
139
2866
2314
1192
630
1460
1139
1145
427
478
668
409
21
853
3212
683
523
239
400
916
632
24
860
2425
931
357
1300
1070
82
75
105
544
615
1124
64
1023
2985
188
316
342
137
56
8
1713
2395
373
1556
1999
433
3356
135
489
506
748
1504
941
263
971
631
1419
2547
546
1202
150
38
751
2883
1797
781
826
2145
2296
873
1264
2190
2331
534
181
179
2916
2995
248
482
1239
1317
758
2374
862
155
191
837
1587
1893
374
2136
402
1268
1735
646
2703
119
1238
482
1332
1864
606
55
1750
1402
328
1069
1539
1023
470
28
2972
825
101
4557
31
1357
272
965
21
1004
901
183
1901
4101
883
272
112
231
106
31
2538
775
717
1394
2308
456
233
1225
1941
610
769
190
231
188
2085
270
463
300
95
1937
17
703
543
170
202
36
284
1073
1479
355
1127
164
4573
1500
149
245
1013
2759
307
522
392
129
655
806
108
569
963
2007
190
291
1424
717
289
49
1396
980
1445
340
10
182
852
560
1351
409
12
713
1914
456
938
619
846
889
109
198
325
154
322
78
1070
2335
3029
196
2288
1393
1531
17
686
2431
1338
45
1521
576
836
881
761
1197
1777
897
801
441
672
1365
159
645
520
957
313
596
317
220
1576
441
2715
533
703
799
792
207
879
1365
170
799
685
1034
506
2151
159
258
178
3843
1048
1570
525
295
276
500
1680
576
717
1154
337
560
522
1087
1561
548
706
47
984
983
403
875
449
905
248
251
1285
498
791
850
720
26
204
1055
468
748
315
1513
562
692
1895
635
1003
1464
615
1448
57
342
30
49
2383
2649
488
383
1053
886
167
1800
528
193
1161
13
633
89
1268
1324
1020
68
869
1721
331
1924
831
1470
1364
86
1334
1463
41
1801
608
100
2327
4033
1767
1018
1116
392
718
283
267
132
789
689
57
18
1392
3835
281
2699
2112
2020
1776
2266
398
593
254
436
1409
426
2122
2434
760
361
739
519
145
657
468
2451
24
1105
2299
401
1065
2004
586
384
227
956
102
33
541
395
9
2991
1189
1743
234
260
91
439
585
352
432
450
817
153
2088
2024
374
1006
735
668
243
642
644
697
2311
551
1852
550
1069
797
1076
212
202
2908
73
655
943
755
945
1244
487
2246
1317
1741
967
754
75
3540
149
512
425
741
2192
1871
12
893
1959
359
503
28
308
83
393
755
705
1676
2105
1570
470
30
2328
1895
1995
388
230
1044
366
952
1543
1091
1243
2623
436
83
101
124
906
161
1537
1382
1342
876
1709
244
1332
165
2032
752
317
156
3446
715
1940
2158
756
300
176
169
2300
520
308
693
1459
277
894
448
144
790
268
2563
521
45
730
294
1088
1620
250
1129
807
518
1243
407
1146
726
905
353
965
1211
1324
1496
991
642
787
85
663
66
489
1698
721
1399
231
1987
2317
377
893
289
1652
107
369
6647
2152
3232
967
100
224
162
1173
1600
1279
2885
1074
2823
243
304
2829
411
350
257
194
2545
123
259
28
1374
473
616
999
315
1399
1889
47
2199
479
2522
527
297
308
76
1206
501
804
339
1309
142
776
1149
51
59
4325
2052
705
366
1442
1228
221
68
500
1104
384
18
136
265
160
548
4379
4541
608
1929
112
220
327
1675
13
178
752
2769
249
48
2847
26
1589
294
101
1123
530
549
3175
618
927
418
1592
2381
450
520
176
58
682
879
1730
516
1283
306
698
832
1605
292
273
1287
377
1165
345
860
1055
2393
1964
17
532
851
413
980
2452
103
387
248
3636
501
260
2782
433
3376
393
1056
1802
161
1361
1959
860
1602
121
997
608
31
1095
243
116
818
1732
990
328
492
896
1621
1138
2585
1563
838
3096
1408
722
140
1403
688
305
514
50
75
646
601
380
1210
334
1736
159
1274
2149
1423
945
98
221
113
1033
1009
1612
2721
886
930
473
1594
544
423
412
1356
2073
1699
1534
1033
1170
627
651
290
323
827
897
704
808
1064
579
979
55
255
1202
290
99
1341
1658
377
843
647
545
1881
1909
319
2783
544
168
18
1079
3740
2036
1513
99
807
684
160
2523
848
120
472
330
1243
238
1963
186
1243
4553
392
106
937
2138
1413
1313
3895
941
796
273
126
1155
2316
532
511
397
640
346
2045
1471
680
55
1223
674
492
820
50
452
1073
1575
2464
385
263
361
188
1512
1947
95
2477
307
287
933
153
79
30
354
2157
2561
1612
1506
151
915
309
1045
1284
318
2071
130
930
137
878
1272
1042
1082
51
1004
12
1706
614
168
661
1095
580
230
37
98
1234
51
730
630
883
2645
353
252
3924
72
1270
2292
24
166
539
1915
409
1294
1214
678
1949
371
2322
753
850
793
1445
1037
917
593
1786
609
250
522
2264
2949
204
2365
648
13
143
212
475
1398
752
474
61
1277
44
63
478
1922
341
749
1336
1005
2862
417
731
111
840
1642
51
58
2257
1343
790
202
2490
254
2167
618
180
1045
2168
23
2017
450
422
527
4516
6
1023
517
69
769
65
708
41
996
1845
362
1799
199
428
3847
361
1803
53
866
55
2689
770
130
1949
82
129
27
123
2916
1673
3235
1640
1066
74
907
1390
851
1966
407
1153
818
773
13
564
731
59
793
1998
723
6399
616
909
48
2368
1059
910
499
719
5517
1470
2450
830
273
1996
245
1382
1624
402
255
900
551
1522
193
831
121
1266
279
493
226
182
140
1705
671
1297
634
263
406
583
1525
3324
1247
835
299
851
130
2274
163
3248
192
68
151
483
31
1770
875
628
54
845
1161
977
1176
636
734
213
51
435
182
290
118
753
1232
330
596
993
190
131
123
720
1121
1546
3179
297
66
463
459
2016
1932
116
390
1927
3180
364
2631
459
369
697
475
3348
883
359
560
1288
451
195
414
532
161
965
294
1455
89
404
3486
147
124
1339
129
785
981
1541
1251
432
790
949
1096
787
32
918
646
699
37
295
224
183
246
1034
1137
967
617
753
3658
298
842
706
1375
614
90
1895
1905
92
1695
869
191
235
144
1776
183
116
1340
40
1111
1293
423
455
2226
335
878
568
201
91
492
721
357
921
973
2782
312
367
1610
1541
10
319
2105
295
13
694
985
4043
42
1548
936
312
281
1367
297
133
511
316
4192
4166
328
3898
428
211
224
1360
256
466
1187
2259
727
1409
1067
1098
2783
602
586
142
878
2033
878
337
3590
312
1222
964
219
1380
206
1335
75
936
1638
215
2395
408
1531
79
1032
1038
762
145
4040
72
1309
1549
207
372
1477
375
146
1289
729
923
697
324
966
66
1074
278
288
3509
983
325
1708
1544
111
880
937
339
209
799
557
1425
988
636
767
3437
194
1909
1105
258
1821
3047
3190
375
478
280
1049
74
1074
1224
791
558
824
598
980
300
1417
237
679
351
508
1389
532
1361
5785
452
392
799
1335
821
439
1134
230
1359
1705
799
6
103
197
512
140
1082
630
1858
226
675
52
8
13
4019
187
1176
714
475
2449
1102
1671
689
2850
823
9
414
4106
710
813
525
59
110
966
519
784
2552
1988
1051
25
3763
333
387
401
50
39
808
282
594
392
96
990
1450
1168
474
663
93
2704
687
67
84
951
1720
1518
2601
2519
89
439
473
46
357
12
266
407
543
576
14
687
1570
187
2520
54
901
47
415
953
58
281
66
290
177
58
647
1827
283
61
629
1762
1016
196
557
386
616
188
2637
234
3589
380
153
132
316
490
1388
944
602
1784
784
293
1218
422
419
2330
536
308
1086
1165
18
1478
2476
61
865
755
889
2157
704
1008
401
417
520
773
1100
1062
1311
251
154
301
237
60
347
370
4762
757
3081
985
112
470
669
1063
168
19
24
4397
2427
996
48
1114
460
926
1261
366
2175
3386
621
9
62
397
18
181
343
230
1100
880
159
356
287
233
86
802
1257
368
644
386
412
1439
1781
2320
587
1834
642
700
1543
495
736
2694
1415
1459
805
710
1806
530
1056
453
1164
470
106
1076
1175
916
539
265
2409
2427
255
1672
1037
1574
100
158
1729
42
53
640
488
1410
1005
378
2195
165
77
285
1277
1058
733
808
3911
1752
204
653
266
3117
166
1539
749
112
727
1124
320
513
1305
1399
54
672
467
856
572
31
718
718
846
707
496
1025
306
1091
333
774
146
1127
1120
351
2417
1492
70
880
535
2120
656
4055
669
484
812
1198
799
70
1751
135
2378
1064
213
759
2624
560
220
145
851
586
121
171
305
2841
829
1223
267
60
1103
1094
161
359
482
265
8
2493
351
341
1496
494
352
807
149
1734
194
371
3070
1023
710
97
629
1112
763
2715
4567
23
529
696
740
53
1864
1169
1063
3883
1171
1210
485
774
638
775
643
3850
200
2918
601
4499
353
492
97
1555
365
176
205
835
1566
873
238
638
3755
313
1298
897
78
762
2847
902
788
604
1014
510
412
34
187
682
1990
325
3254
238
210
213
3320
2660
669
663
89
271
108
1828
649
124
1934
44
2797
27
11
1296
926
259
346
68
1425
682
1495
440
484
285
1211
174
1233
69
1615
280
171
1679
1318
1023
283
380
288
485
1995
368
1643
393
1286
1319
3708
313
3181
787
1443
357
76
2938
392
955
477
143
1135
1981
987
1476
442
961
2335
296
1381
1311
206
686
2939
1171
462
464
2362
2797
1213
421
565
528
2521
552
212
1431
1151
459
57
438
1668
421
1455
199
1469
1398
1206
671
800
548
654
481
616
2465
296
869
474
1583
1152
2310
574
670
732
100
866
73
2210
881
330
205
139
328
914
2294
1224
326
509
391
944
351
1336
1076
2314
1408
528
1680
130
869
790
637
513
762
1929
917
670
1516
1189
1186
2068
1799
661
1745
282
605
21
1235
1748
327
913
3821
692
182
153
345
586
2270
940
251
2142
344
332
438
781
468
129
550
1081
187
1135
112
804
767
237
440
1145
110
894
2067
487
413
840
1481
998
1979
406
69
470
2622
417
768
732
171
1418
928
305
334
352
1579
1071
1184
1145
466
666
69
564
336
433
1968
597
130
764
665
2259
15
36
306
675
1400
1078
1137
1693
2167
798
2500
229
21
121
16
2364
10
410
33
905
1036
1643
2061
828
1203
1032
576
147
409
231
543
322
1149
648
324
1130
62
952
777
293
510
102
642
935
314
255
1537
293
2175
33
442
247
900
207
39
264
122
1020
544
507
266
2265
1404
127
882
358
553
2116
1330
204
90
719
296
1764
81
791
37
5459
972
370
2246
437
1569
2280
192
466
583
2117
548
673
575
2765
380
276
60
139
1673
380
68
2790
15
1211
150
191
19
734
311
2359
649
1761
1063
2600
222
465
608
461
160
1820
769
58
192
126
470
63
915
549
641
1270
57
325
768
1156
70
1061
580
703
629
526
1613
534
358
417
1082
805
337
682
37
80
63
1022
3126
927
1411
1663
819
189
212
132
1531
154
278
18
414
1391
224
1501
1357
2104
19
2194
276
200
84
2626
365
67
2410
111
2522
1663
2096
794
2314
5751
2396
958
2094
897
391
328
493
845
127
1224
1367
1244
625
162
201
1435
1568
30
1570
3503
2790
343
1175
1246
1711
30
1869
3182
307
2163
407
237
301
310
313
118
3790
709
1150
1228
1799
65
1937
1515
4929
705
785
96
303
578
983
541
463
122
1165
1744
438
186
78
714
1335
172
169
295
319
577
871
981
45
830
1121
828
620
1217
664
1341
2453
2734
884
505
48
4006
198
330
1504
133
1660
1842
1127
789
687
345
128
1195
1117
53
374
180
1210
592
169
921
1653
619
1339
534
174
556
1129
625
336
200
2348
104
1168
73
423
500
588
980
441
315
2827
2854
323
2846
22
2113
833
322
184
181
141
473
730
785
859
652
94
812
94
1958
532
232
670
1846
653
1019
1991
73
742
2271
394
973
1274
524
1715
2073
569
2493
659
26
592
735
756
118
96
880
2508
700
2280
35
741
839
1542
815
2965
1165
198
222
1277
272
235
446
1815
217
1299
752
297
493
790
257
1100
2782
1310
1340
1424
190
923
1911
1888
588
697
441
374
14
863
120
77
2134
1385
127
116
1011
787
369
120
651
1138
954
2145
294
474
492
825
144
771
1190
1082
845
116
506
759
435
10
556
3158
568
361
1164
52
353
2059
806
263
327
906
1105
979
750
43
271
419
764
812
188
2334
1540
587
338
2022
77
24
260
2615
1218
629
84
1760
193
721
2964
419
112
122
723
686
842
47
109
979
54
1228
895
633
464
12
781
25
167
49
348
1540
48
2663
186
189
330
46
128
52
137
257
2685
1062
847
322
429
111
958
36
442
67
590
829
502
216
193
155
1726
65
766
841
31
1551
212
742
1196
2798
128
1538
11
1114
613
398
280
759
419
187
335
68
197
4067
943
2135
90
408
237
1285
3122
347
288
1568
53
183
925
2323
1002
915
84
957
906
1074
906
4556
376
731
1980
222
1695
341
19
852
687
682
611
806
340
383
572
47
2085
188
768
227
18
887
1207
103
574
764
558
48
3578
1340
41
46
799
907
2439
476
942
1852
3737
1670
60
739
465
83
335
2259
1165
944
3473
988
973
1916
1831
323
42
1911
1334
1865
989
163
383
2515
1518
676
809
640
150
407
941
187
508
1535
730
35
87
1871
319
10
466
3336
296
2081
890
86
953
913
355
1733
718
957
422
314
1289
418
339
3893
779
514
183
131
316
1877
1814
1091
1393
44
619
145
895
2205
1182
1126
4485
795
275
1579
971
3155
1457
49
1366
1864
290
2026
637
1125
115
1952
192
1030
126
145
957
1642
200
343
471
414
1289
1051
2318
788
566
578
625
2475
48
2433
590
868
105
1149
513
385
323
1403
56
154
639
287
1561
1680
3158
197
756
172
314
414
509
974
271
869
210
510
350
1552
40
2558
169
257
1351
1465
2785
53
541
54
2127
37
1708
686
46
256
3627
237
805
368
578
367
216
1143
39
65
758
5181
465
304
68
363
91
3388
432
2120
759
429
667
892
936
1609
369
1097
251
267
820
3775
584
147
1589
487
167
1359
518
24
1278
808
215
971
706
7
3005
556
1135
1122
1774
1849
1720
817
212
657
205
409
307
531
286
1718
348
2110
156
48
109
993
277
71
347
626
1566
575
352
240
1221
3560
749
921
226
1863
1258
620
16
123
2188
1644
232
174
772
831
1378
214
1923
2158
849
583
